Allocated 60 DPU(s)
nr_elements	3932160	NR_TASKLETS	16	BL	10
Load input data
Run program on DPU(s) 
Retrieve results
262144
262144
262144
262144
262144
262144
262144
262144
262144
262144
262144
262144
262144
262144
262144
262144
262144
262144
262144
262144
262144
262144
262144
262144
262144
262144
262144
262144
262144
262144
262144
262144
262144
262144
262144
262144
262144
262144
262144
262144
262144
262144
262144
262144
262144
262144
262144
262144
262144
262144
262144
262144
262144
262144
262144
262144
262144
262144
262144
262144
Results: 
	CPU-DPU: 22.885000	
	DPU: 2.549000	
	Inter-DPU: 0.361000	
	DPU-CPU: 235.201000	
[[32mOK[0m] Outputs are equal
