Allocated 60 DPU(s)
nr_elements	3932160	NR_TASKLETS	16	BL	10
Load input data
Run program on DPU(s) 
Retrieve results
262144
262144
262144
262144
262144
262144
262144
262144
262144
262144
262144
262144
262144
262144
262144
262144
262144
262144
262144
262144
262144
262144
262144
262144
262144
262144
262144
262144
262144
262144
262144
262144
262144
262144
262144
262144
262144
262144
262144
262144
262144
262144
262144
262144
262144
262144
262144
262144
262144
262144
262144
262144
262144
262144
262144
262144
262144
262144
262144
262144
Results: 
	CPU-DPU: 31.373000	
	DPU: 14.436000	
	Inter-DPU: 28.850000	
	DPU-CPU: 613.067000	
[[32mOK[0m] Outputs are equal
