Allocated 64 DPU(s)
nr_elements	251658240	NR_TASKLETS	16	BL	10
Load input data
Run program on DPU(s) 
Retrieve results
15728640
15728640
15728640
15728640
15728640
15728640
15728640
15728640
15728640
15728640
15728640
15728640
15728640
15728640
15728640
15728640
15728640
15728640
15728640
15728640
15728640
15728640
15728640
15728640
15728640
15728640
15728640
15728640
15728640
15728640
15728640
15728640
15728640
15728640
15728640
15728640
15728640
15728640
15728640
15728640
15728640
15728640
15728640
15728640
15728640
15728640
15728640
15728640
15728640
15728640
15728640
15728640
15728640
15728640
15728640
15728640
15728640
15728640
15728640
15728640
15728640
15728640
15728640
15728640
Results: 
	CPU-DPU: 1600.425000	
	DPU: 137.872000	
	Inter-DPU: 0.248000	
	DPU-CPU: 7222.324000	
[[32mOK[0m] Outputs are equal
