Allocated 480 DPU(s)
nr_elements	251658240	NR_TASKLETS	16	BL	10
Load input data
Run program on DPU(s) 
Retrieve results
2097152
2097152
2097152
2097152
2097152
2097152
2097152
2097152
2097152
2097152
2097152
2097152
2097152
2097152
2097152
2097152
2097152
2097152
2097152
2097152
2097152
2097152
2097152
2097152
2097152
2097152
2097152
2097152
2097152
2097152
2097152
2097152
2097152
2097152
2097152
2097152
2097152
2097152
2097152
2097152
2097152
2097152
2097152
2097152
2097152
2097152
2097152
2097152
2097152
2097152
2097152
2097152
2097152
2097152
2097152
2097152
2097152
2097152
2097152
2097152
2097152
2097152
2097152
2097152
2097152
2097152
2097152
2097152
2097152
2097152
2097152
2097152
2097152
2097152
2097152
2097152
2097152
2097152
2097152
2097152
2097152
2097152
2097152
2097152
2097152
2097152
2097152
2097152
2097152
2097152
2097152
2097152
2097152
2097152
2097152
2097152
2097152
2097152
2097152
2097152
2097152
2097152
2097152
2097152
2097152
2097152
2097152
2097152
2097152
2097152
2097152
2097152
2097152
2097152
2097152
2097152
2097152
2097152
2097152
2097152
2097152
2097152
2097152
2097152
2097152
2097152
2097152
2097152
2097152
2097152
2097152
2097152
2097152
2097152
2097152
2097152
2097152
2097152
2097152
2097152
2097152
2097152
2097152
2097152
2097152
2097152
2097152
2097152
2097152
2097152
2097152
2097152
2097152
2097152
2097152
2097152
2097152
2097152
2097152
2097152
2097152
2097152
2097152
2097152
2097152
2097152
2097152
2097152
2097152
2097152
2097152
2097152
2097152
2097152
2097152
2097152
2097152
2097152
2097152
2097152
2097152
2097152
2097152
2097152
2097152
2097152
2097152
2097152
2097152
2097152
2097152
2097152
2097152
2097152
2097152
2097152
2097152
2097152
2097152
2097152
2097152
2097152
2097152
2097152
2097152
2097152
2097152
2097152
2097152
2097152
2097152
2097152
2097152
2097152
2097152
2097152
2097152
2097152
2097152
2097152
2097152
2097152
2097152
2097152
2097152
2097152
2097152
2097152
2097152
2097152
2097152
2097152
2097152
2097152
2097152
2097152
2097152
2097152
2097152
2097152
2097152
2097152
2097152
2097152
2097152
2097152
2097152
2097152
2097152
2097152
2097152
2097152
2097152
2097152
2097152
2097152
2097152
2097152
2097152
2097152
2097152
2097152
2097152
2097152
2097152
2097152
2097152
2097152
2097152
2097152
2097152
2097152
2097152
2097152
2097152
2097152
2097152
2097152
2097152
2097152
2097152
2097152
2097152
2097152
2097152
2097152
2097152
2097152
2097152
2097152
2097152
2097152
2097152
2097152
2097152
2097152
2097152
2097152
2097152
2097152
2097152
2097152
2097152
2097152
2097152
2097152
2097152
2097152
2097152
2097152
2097152
2097152
2097152
2097152
2097152
2097152
2097152
2097152
2097152
2097152
2097152
2097152
2097152
2097152
2097152
2097152
2097152
2097152
2097152
2097152
2097152
2097152
2097152
2097152
2097152
2097152
2097152
2097152
2097152
2097152
2097152
2097152
2097152
2097152
2097152
2097152
2097152
2097152
2097152
2097152
2097152
2097152
2097152
2097152
2097152
2097152
2097152
2097152
2097152
2097152
2097152
2097152
2097152
2097152
2097152
2097152
2097152
2097152
2097152
2097152
2097152
2097152
2097152
2097152
2097152
2097152
2097152
2097152
2097152
2097152
2097152
2097152
2097152
2097152
2097152
2097152
2097152
2097152
2097152
2097152
2097152
2097152
2097152
2097152
2097152
2097152
2097152
2097152
2097152
2097152
2097152
2097152
2097152
2097152
2097152
2097152
2097152
2097152
2097152
2097152
2097152
2097152
2097152
2097152
2097152
2097152
2097152
2097152
2097152
2097152
2097152
2097152
2097152
2097152
2097152
2097152
2097152
2097152
2097152
2097152
2097152
2097152
2097152
2097152
2097152
2097152
2097152
2097152
2097152
2097152
2097152
2097152
2097152
2097152
2097152
2097152
2097152
2097152
2097152
2097152
2097152
2097152
2097152
2097152
2097152
2097152
2097152
2097152
2097152
2097152
2097152
2097152
2097152
2097152
2097152
2097152
2097152
2097152
2097152
2097152
2097152
2097152
2097152
2097152
2097152
2097152
2097152
2097152
2097152
2097152
Results: 
	CPU-DPU: 672.362000
	DPU: 52.289000	
	Inter-DPU: 94.016000	
	DPU-CPU: 14034.632000	
[[32mOK[0m] Outputs are equal
