Allocated 64 DPU(s)
nr_elements	251658240	NR_TASKLETS	16	BL	10
Load input data
Run program on DPU(s) 
Retrieve results
15728640
15728640
15728640
15728640
15728640
15728640
15728640
15728640
15728640
15728640
15728640
15728640
15728640
15728640
15728640
15728640
15728640
15728640
15728640
15728640
15728640
15728640
15728640
15728640
15728640
15728640
15728640
15728640
15728640
15728640
15728640
15728640
15728640
15728640
15728640
15728640
15728640
15728640
15728640
15728640
15728640
15728640
15728640
15728640
15728640
15728640
15728640
15728640
15728640
15728640
15728640
15728640
15728640
15728640
15728640
15728640
15728640
15728640
15728640
15728640
15728640
15728640
15728640
15728640
Results: 
	CPU-DPU: 1123.980000
	DPU: 150.938000	
	Inter-DPU: 20.899000	
	DPU-CPU: 9639.337000	
[[32mOK[0m] Outputs are equal
