2000 2000 4000
0	1
0	2
0	11
0	35
0	107
0	171
0	583
0	1048
1	0
1	4
1	92
1	115
1	1665
2	0
2	3
2	60
2	116
2	300
3	2
3	5
3	65
3	68
3	123
3	180
3	188
3	192
3	1102
3	1237
4	1
4	69
4	147
4	206
4	276
4	1905
5	3
5	6
5	7
5	12
5	14
5	158
5	175
5	186
6	5
6	30
6	62
6	1357
7	5
7	8
7	10
7	13
7	23
7	27
7	28
7	32
7	127
7	138
7	1485
7	1690
8	7
8	9
8	20
8	22
8	150
8	844
8	1715
9	8
9	21
9	36
9	88
9	132
9	197
9	217
9	322
9	488
9	492
10	7
10	26
10	425
10	833
10	843
11	0
11	443
11	479
11	1288
12	5
12	25
12	45
12	98
12	100
12	119
12	203
13	7
13	16
13	24
13	47
13	144
13	1075
14	5
14	15
14	66
14	166
14	176
14	239
14	272
14	913
15	14
15	38
15	70
15	113
15	143
15	218
15	1948
16	13
16	17
16	18
16	37
17	16
17	19
17	56
17	87
17	515
18	16
18	39
18	264
18	410
18	432
18	758
18	950
18	1266
18	1521
19	17
19	64
19	251
20	8
20	42
20	63
20	112
20	181
21	9
21	73
21	869
21	883
21	1378
22	8
22	71
22	77
22	395
22	672
22	700
22	1614
23	7
23	44
23	51
24	13
24	29
24	33
24	34
24	350
24	542
24	627
25	12
25	759
25	1629
26	10
26	31
26	49
27	7
27	41
27	50
27	53
27	90
27	172
28	7
28	299
28	611
28	671
28	691
28	893
28	1112
29	24
29	227
30	6
30	135
30	148
30	788
31	26
31	55
31	58
31	289
31	1384
31	1394
31	1683
32	7
32	40
32	79
32	179
32	344
32	1198
33	24
33	134
33	257
33	933
34	24
34	393
34	398
34	972
34	1114
34	1175
34	1535
35	0
35	110
35	228
35	287
35	708
35	916
35	1068
35	1187
35	1819
36	9
36	194
36	319
36	694
37	16
37	389
38	15
38	74
38	140
38	1475
39	18
39	43
39	61
39	67
39	82
39	86
39	992
40	32
40	52
40	209
40	242
40	655
40	1169
41	27
41	89
41	592
41	1311
41	1630
42	20
42	173
42	564
42	997
42	1786
43	39
43	46
43	54
43	530
43	799
43	1131
44	23
44	1487
45	12
45	102
45	381
45	979
45	1604
46	43
46	48
46	169
46	490
46	881
46	1730
46	1796
47	13
47	97
47	262
47	263
47	405
47	746
48	46
48	72
48	81
48	142
48	631
49	26
49	96
49	337
49	434
49	607
50	27
50	85
50	198
51	23
51	57
51	1296
52	40
52	214
52	243
52	454
52	928
53	27
53	121
53	191
53	195
53	340
53	1915
54	43
54	59
54	329
54	851
55	31
55	162
55	342
55	366
55	973
56	17
56	78
56	352
56	508
56	684
56	1453
57	51
57	365
57	465
57	1887
58	31
58	1335
59	54
60	2
60	75
60	170
60	246
60	336
60	568
60	1748
61	39
61	293
61	325
62	6
62	141
62	215
62	512
62	554
62	894
63	20
63	387
63	632
63	917
64	19
64	541
64	626
64	1088
64	1705
65	3
65	240
66	14
66	80
66	105
66	577
67	39
67	136
67	315
68	3
69	4
69	313
69	374
69	625
70	15
70	101
70	944
70	1895
71	22
71	122
71	391
71	430
71	757
72	48
72	111
72	129
72	183
72	1676
73	21
73	94
73	103
73	137
73	152
73	190
73	269
73	392
73	467
73	1921
74	38
74	83
74	384
75	60
75	76
75	416
76	75
76	93
76	156
76	638
77	22
77	126
77	200
77	486
77	533
77	1908
78	56
78	120
78	178
78	247
78	399
78	705
79	32
79	84
79	388
79	525
79	605
80	66
80	95
80	130
80	473
80	1322
80	1473
80	1554
81	48
81	108
81	149
81	327
81	1027
81	1036
82	39
82	458
82	569
82	1029
83	74
83	402
83	493
84	79
84	151
84	282
84	429
84	781
84	807
84	1494
85	50
85	91
85	145
85	1136
86	39
86	106
86	305
86	331
86	963
86	1695
87	17
87	118
87	124
87	1280
88	9
88	1172
88	1894
89	41
89	167
89	1020
90	27
90	854
90	1025
90	1868
91	85
91	99
91	104
91	235
91	278
91	483
91	549
91	696
92	1
92	109
92	608
92	868
92	984
93	76
93	133
93	153
93	204
93	704
93	943
94	73
94	157
94	266
95	80
95	128
95	146
95	189
95	232
95	1726
96	49
96	271
96	444
96	741
96	745
96	774
96	1555
96	1731
97	47
97	250
97	279
97	964
98	12
98	117
98	139
98	382
98	732
98	1883
99	91
99	196
99	226
100	12
100	174
100	193
100	617
101	70
101	345
101	837
101	855
102	45
102	501
102	830
102	1223
103	73
103	114
103	241
103	1938
104	91
104	238
104	373
105	66
105	131
105	841
106	86
106	199
107	0
107	205
107	255
107	589
107	602
107	1811
108	81
108	368
109	92
109	244
109	1065
109	1137
110	35
110	1692
111	72
111	154
111	328
111	1632
112	20
112	291
112	601
112	1763
113	15
113	442
113	801
113	867
114	103
114	219
114	233
114	253
114	764
114	887
115	1
115	1549
116	2
116	557
116	738
117	98
117	201
117	220
117	280
117	349
117	1243
117	1350
118	87
118	359
119	12
119	202
119	862
120	78
120	125
120	184
120	1620
121	53
121	230
121	1443
122	71
122	297
122	1654
123	3
123	273
123	316
123	1228
123	1482
124	87
124	724
125	120
125	324
125	1302
126	77
127	7
127	225
127	489
127	517
127	826
127	982
128	95
129	72
129	216
129	310
130	80
130	357
130	1086
130	1382
130	1752
131	105
131	283
131	1146
131	1432
132	9
132	1155
133	93
133	155
133	1344
133	1608
133	1994
134	33
134	168
134	210
134	307
134	790
134	1527
135	30
135	185
135	394
135	784
135	1074
136	67
136	159
136	447
136	1719
137	73
137	164
137	265
137	380
138	7
138	234
138	361
138	578
139	98
139	665
140	38
140	320
140	448
141	62
141	161
141	820
141	1343
142	48
142	386
142	1852
143	15
143	332
143	433
143	1050
144	13
144	360
145	85
145	683
145	1546
145	1975
146	95
146	165
146	236
146	1003
146	1013
146	1393
146	1685
147	4
147	229
148	30
148	420
148	675
148	802
149	81
149	615
149	637
149	653
149	794
150	8
150	160
151	84
151	546
151	1061
151	1064
152	73
153	93
153	624
153	1170
154	111
154	163
154	379
154	426
154	590
155	133
155	182
155	237
155	298
155	1841
156	76
156	224
156	819
157	94
157	1569
158	5
158	513
159	136
159	177
160	150
160	245
160	249
160	362
161	141
161	364
161	1552
162	55
162	256
162	1129
162	1208
163	154
163	221
163	222
163	742
164	137
164	377
165	146
165	371
166	14
166	261
166	573
167	89
167	330
167	585
167	594
167	795
168	134
168	509
169	46
169	335
169	726
170	60
170	223
170	514
170	975
170	1076
170	1119
170	1778
171	0
171	207
171	418
171	1128
171	1755
172	27
172	1361
172	1577
173	42
173	187
173	301
174	100
174	428
174	897
174	1640
175	5
176	14
176	354
176	562
176	1930
177	159
177	620
177	1548
178	78
178	412
178	920
179	32
179	474
180	3
180	1388
181	20
181	284
181	1094
182	155
182	208
182	491
182	812
183	72
183	303
183	1370
183	1805
184	120
184	259
184	294
184	296
185	135
185	550
185	730
186	5
186	211
186	268
186	873
186	1144
186	1389
187	173
187	457
187	1078
188	3
188	1219
188	1441
189	95
189	212
189	306
189	910
189	1007
189	1199
190	73
190	422
190	1566
191	53
191	375
191	991
192	3
192	267
193	100
193	292
193	312
193	689
193	1955
194	36
194	275
194	521
194	912
195	53
195	495
195	871
196	99
196	258
196	314
196	484
197	9
197	500
198	50
198	213
198	358
198	1201
199	106
199	575
199	612
200	77
200	346
201	117
201	343
202	119
202	497
203	12
203	1310
203	1838
204	93
204	326
205	107
206	4
207	171
207	445
207	783
207	1072
207	1152
208	182
209	40
209	1339
210	134
210	532
210	547
210	872
211	186
211	1182
211	1326
212	189
212	248
213	198
213	470
213	1639
213	1928
214	52
214	260
214	403
215	62
216	129
216	309
217	9
217	818
217	1885
218	15
218	965
218	1236
219	114
219	252
219	481
219	716
220	117
221	163
221	231
221	446
222	163
222	1788
223	170
223	674
223	930
223	1143
224	156
225	127
225	286
225	599
225	814
226	99
226	852
226	1132
226	1275
227	29
227	401
227	463
227	699
228	35
228	369
228	652
228	974
228	1818
229	147
229	552
229	949
229	1157
229	1917
230	121
230	478
231	221
231	667
232	95
232	270
232	274
232	510
232	863
232	886
232	1872
233	114
233	1696
234	138
235	91
235	347
235	560
235	1150
236	146
236	534
236	880
237	155
238	104
238	353
238	461
238	673
239	14
239	1271
239	1466
240	65
240	372
240	415
240	761
240	1297
241	103
241	440
241	499
242	40
243	52
243	472
243	476
243	502
243	555
244	109
244	378
244	1049
245	160
245	400
245	669
245	1258
246	60
246	1058
247	78
247	355
247	970
248	212
248	861
249	160
249	915
249	926
250	97
250	348
250	1216
251	19
251	459
251	536
251	580
251	1455
252	219
252	1070
253	114
253	254
253	439
253	451
253	1209
253	1442
254	253
254	1396
255	107
255	469
255	853
255	1959
256	162
256	712
256	1189
256	1331
257	33
257	302
257	1452
258	196
258	321
259	184
259	419
259	621
260	214
260	629
260	1897
261	166
261	561
261	600
262	47
262	338
263	47
263	351
263	968
263	1098
263	1437
264	18
265	137
265	697
265	919
266	94
266	323
266	524
266	786
267	192
267	277
267	308
268	186
268	281
268	363
268	969
269	73
270	232
270	285
270	681
271	96
272	14
273	123
273	504
273	596
273	687
274	232
274	435
274	908
275	194
275	1833
276	4
277	267
277	468
277	651
277	1825
278	91
278	518
279	97
279	290
279	640
279	1015
279	1247
279	1815
280	117
281	268
281	295
281	356
282	84
282	288
282	959
282	1333
283	131
283	1139
284	181
284	385
284	503
284	772
284	1299
285	270
285	809
285	1410
285	1451
285	1498
285	1740
285	1907
286	225
286	1318
287	35
287	1513
288	282
288	1315
288	1444
289	31
289	551
289	1017
289	1411
290	279
290	414
291	112
292	193
292	1514
293	61
293	773
294	184
294	304
294	413
294	421
294	441
294	464
294	1366
295	281
296	184
297	122
297	334
298	155
298	480
298	1034
298	1328
298	1369
299	28
299	311
299	318
299	778
300	2
300	1105
300	1772
301	173
301	598
301	686
301	766
302	257
302	945
303	183
303	333
303	449
303	1564
303	1916
304	294
304	892
304	1245
305	86
305	544
305	798
305	1878
306	189
306	885
307	134
307	397
307	767
308	267
308	1001
309	216
310	129
311	299
311	317
311	847
312	193
312	471
312	1059
313	69
313	1030
314	196
314	411
314	1768
314	1888
315	67
315	367
316	123
316	376
316	1732
317	311
318	299
319	36
320	140
320	770
320	960
321	258
321	776
322	9
322	644
322	811
322	1130
322	1406
323	266
323	390
323	1515
324	125
325	61
325	663
326	204
326	1942
327	81
327	816
328	111
328	452
329	54
330	167
330	595
330	682
330	904
331	86
331	576
331	1145
331	1524
332	143
332	755
333	303
333	339
333	731
333	1185
334	297
334	1313
335	169
335	341
335	1799
336	60
336	383
336	477
336	528
336	574
336	985
336	1284
337	49
337	553
338	262
338	639
339	333
339	423
339	777
339	988
339	1580
339	1626
340	53
340	431
340	437
340	1087
340	1327
340	1586
341	335
341	453
341	796
342	55
342	677
342	1454
342	1988
343	201
343	407
344	32
345	101
345	1178
345	1553
346	200
346	1540
347	235
347	396
347	771
348	250
348	408
348	763
348	1173
348	1871
349	117
349	1738
350	24
350	1242
351	263
351	914
352	56
352	406
353	238
353	424
353	1135
353	1589
354	176
354	558
354	1681
354	1842
355	247
356	281
356	417
356	1651
357	130
358	198
359	118
360	144
361	138
361	455
361	1217
361	1490
362	160
363	268
363	370
363	633
364	161
364	610
364	749
364	1153
364	1257
365	57
365	450
365	938
365	1041
366	55
366	646
367	315
367	475
367	563
367	832
368	108
368	1325
369	228
369	409
369	466
370	363
370	718
371	165
371	427
371	507
371	835
371	1803
372	240
372	538
372	1011
372	1256
372	1526
373	104
373	808
374	69
375	191
376	316
376	1472
377	164
377	519
378	244
379	154
379	436
379	1211
380	137
380	630
380	1122
381	45
381	1203
381	1701
382	98
382	1224
383	336
383	727
384	74
385	284
385	616
385	1860
386	142
387	63
387	987
388	79
389	37
389	1234
390	323
390	954
390	1117
391	71
391	978
392	73
393	34
393	678
393	1124
393	1914
394	135
395	22
395	404
395	1418
395	1583
396	347
396	756
397	307
397	579
397	842
397	1403
398	34
398	1040
398	1538
399	78
399	664
399	1460
400	245
400	529
400	817
401	227
401	527
401	1019
401	1341
402	83
402	603
403	214
403	498
404	395
404	1346
404	1390
405	47
405	850
405	1314
405	1954
406	352
406	482
406	556
406	956
406	1419
406	1560
407	343
407	531
407	760
408	348
408	1556
409	369
410	18
410	838
410	895
411	314
411	1149
412	178
413	294
413	618
413	720
414	290
414	695
414	981
414	1377
414	1655
415	240
415	438
415	548
415	821
416	75
416	505
417	356
417	1658
418	171
418	1373
419	259
419	460
419	1793
419	1886
420	148
420	709
420	1021
420	1312
420	1481
420	1846
421	294
421	526
421	1268
421	1678
422	190
423	339
424	353
425	10
425	1769
426	154
426	535
426	976
427	371
427	1773
428	174
428	857
429	84
429	1265
430	71
430	717
430	803
430	1298
431	340
431	635
431	1103
432	18
433	143
433	496
433	1644
433	1660
433	1674
434	49
434	649
434	1300
435	274
435	1649
436	379
437	340
438	415
438	456
438	1816
439	253
439	785
440	241
440	540
440	747
440	921
440	1161
441	294
441	660
441	1759
442	113
442	1255
443	11
443	654
444	96
444	1099
444	1471
445	207
445	623
445	711
446	221
446	485
446	1226
447	136
447	662
448	140
448	845
449	303
449	1737
450	365
450	1434
450	1734
451	253
451	1055
452	328
452	734
452	923
453	341
454	52
454	1057
455	361
455	565
455	658
456	438
456	715
456	1179
456	1332
457	187
458	82
458	462
458	506
458	1273
459	251
459	588
459	822
460	419
460	494
460	523
461	238
462	458
462	591
463	227
463	511
463	516
463	582
463	648
463	1276
464	294
465	57
465	571
466	369
466	650
466	713
466	1342
466	1702
467	73
467	586
468	277
468	487
468	1031
468	1519
469	255
469	714
469	1631
470	213
470	520
470	692
471	312
471	787
471	1093
471	1708
472	243
472	740
473	80
474	179
474	614
474	1981
475	367
476	243
476	604
476	831
477	336
477	688
477	939
477	1063
478	230
478	780
479	11
479	834
480	298
480	593
480	619
481	219
481	701
482	406
482	657
482	1023
482	1221
483	91
484	196
484	1355
484	1840
484	1896
485	446
485	957
485	1505
486	77
486	581
486	753
486	922
486	947
486	1115
486	1365
486	1600
487	468
487	1282
487	1417
488	9
488	647
488	721
488	1141
488	1240
489	127
489	567
489	643
489	1008
489	1163
490	46
490	931
491	182
491	1202
492	9
492	723
493	83
493	609
494	460
495	195
495	539
495	955
495	1289
496	433
496	953
497	202
497	559
497	768
497	927
498	403
498	566
499	241
499	1707
500	197
501	102
501	679
501	1503
501	1787
502	243
502	545
502	859
503	284
503	659
503	1777
504	273
504	587
505	416
505	693
506	458
506	924
507	371
507	537
507	1022
508	56
508	1735
509	168
509	584
510	232
511	463
511	918
512	62
512	729
512	1613
513	158
513	522
514	170
514	1046
515	17
515	670
515	1060
515	1941
515	1983
516	463
516	606
516	769
516	1495
517	127
517	543
517	1688
518	278
519	377
520	470
521	194
521	1181
522	513
522	680
522	1014
523	460
523	642
523	1439
524	266
524	628
524	1166
524	1386
525	79
526	421
527	401
527	1918
528	336
529	400
529	911
529	1710
530	43
530	849
530	1317
531	407
531	1693
532	210
532	750
532	891
532	1694
533	77
533	800
534	236
534	828
535	426
535	676
535	1783
535	1877
536	251
537	507
537	1559
538	372
538	848
538	1476
539	495
539	1477
539	1902
540	440
540	613
541	64
541	1168
542	24
543	517
543	666
544	305
544	661
545	502
545	685
546	151
546	1321
547	210
547	856
547	1969
548	415
548	1047
548	1309
549	91
549	1684
550	185
550	1009
550	1596
550	1723
550	1925
551	289
551	572
551	1004
552	229
553	337
554	62
555	243
555	1804
556	406
556	719
557	116
558	354
558	1278
559	497
560	235
560	1002
560	1195
561	261
562	176
562	813
562	1376
563	367
563	1121
563	1463
563	1572
564	42
564	570
565	455
566	498
566	722
567	489
567	707
567	1352
567	1544
568	60
568	1207
568	1293
568	1956
569	82
569	1083
570	564
570	864
570	1116
571	465
571	797
572	551
572	1238
573	166
573	735
573	1192
574	336
574	1287
575	199
575	1822
576	331
576	645
576	751
576	996
576	1110
577	66
578	138
579	397
579	733
579	1398
580	251
580	1010
581	486
581	1006
582	463
582	706
582	1156
583	0
583	1853
584	509
584	990
584	1133
585	167
586	467
586	636
586	951
586	1043
587	504
588	459
588	884
589	107
589	1416
590	154
590	952
590	1800
591	462
592	41
593	480
593	1926
594	167
594	597
594	698
595	330
595	1330
596	273
596	641
597	594
597	1728
598	301
598	622
598	702
598	1859
599	225
599	858
599	1084
599	1248
600	261
601	112
601	1584
601	1675
602	107
603	402
603	810
603	1550
604	476
604	634
605	79
605	1111
606	516
607	49
607	1952
608	92
608	739
609	493
609	1107
610	364
610	948
611	28
612	199
612	1765
613	540
613	906
613	1358
614	474
614	1113
614	1456
615	149
615	1733
616	385
616	1097
616	1109
616	1910
617	100
617	710
617	925
617	1091
618	413
618	1781
618	1936
619	480
619	668
619	865
619	1045
620	177
621	259
621	940
622	598
622	1457
623	445
623	1277
624	153
624	736
624	804
624	1340
624	1743
625	69
625	752
625	839
625	1445
626	64
627	24
628	524
628	1138
629	260
629	879
630	380
630	1134
631	48
631	765
631	898
632	63
632	1848
633	363
633	656
633	829
634	604
635	431
635	806
636	586
637	149
637	896
638	76
639	338
640	279
640	1506
641	596
642	523
642	1186
642	1677
643	489
643	936
643	1259
643	1592
644	322
644	1480
645	576
645	1231
645	1380
646	366
646	977
646	1657
647	488
647	775
648	463
648	737
649	434
649	1249
650	466
651	277
652	228
653	149
653	1320
654	443
655	40
656	633
656	1261
656	1547
657	482
657	929
658	455
659	503
659	690
660	441
661	544
662	447
663	325
664	399
664	1026
665	139
666	543
667	231
667	1407
668	619
669	245
669	1052
670	515
670	743
670	1194
670	1650
671	28
672	22
673	238
673	1385
673	1861
674	223
674	1360
675	148
676	535
676	840
676	1593
677	342
678	393
678	754
678	1979
679	501
679	1458
680	522
680	1379
681	270
681	728
681	1541
682	330
682	1530
682	1588
683	145
684	56
684	762
685	545
686	301
686	1349
686	1656
687	273
688	477
688	1492
688	1590
689	193
689	1126
689	1835
690	659
691	28
691	703
691	1220
691	1814
692	470
693	505
693	1295
693	1594
693	1746
694	36
694	1475
695	414
695	779
695	889
695	937
695	1053
695	1711
696	91
697	265
697	1038
698	594
698	815
698	1691
699	227
699	1643
700	22
701	481
701	1035
702	598
703	691
703	890
703	1212
704	93
705	78
705	1016
706	582
706	824
706	1151
707	567
707	1253
708	35
708	1056
709	420
710	617
710	725
711	445
712	256
712	1033
712	1844
713	466
713	1429
714	469
715	456
715	744
715	1634
716	219
716	866
716	1089
716	1213
717	430
717	876
717	934
718	370
719	556
720	413
720	1032
720	1858
721	488
721	1028
721	1051
722	566
723	492
723	932
724	124
725	710
726	169
727	383
727	748
727	1171
727	1440
728	681
728	1464
729	512
729	793
730	185
731	333
731	935
731	1080
732	98
732	1165
733	579
733	782
733	1066
734	452
734	1229
735	573
735	1686
735	1761
736	624
736	1898
737	648
737	1244
738	116
738	860
738	1945
739	608
740	472
740	836
740	1808
741	96
741	1077
741	1972
742	163
743	670
743	1042
743	1148
744	715
745	96
746	47
747	440
748	727
748	1329
749	364
749	962
750	532
750	1183
751	576
751	1177
752	625
753	486
753	823
754	678
755	332
755	1609
756	396
756	1951
757	71
758	18
759	25
760	407
760	1496
761	240
761	1095
761	1368
761	1391
762	684
762	1401
763	348
763	1602
764	114
764	1140
765	631
765	1176
765	1264
765	1827
766	301
766	1039
766	1197
766	1597
767	307
767	874
767	1158
768	497
768	791
768	1085
768	1252
769	516
769	900
770	320
771	347
771	878
772	284
772	805
772	1106
773	293
773	792
773	1147
774	96
775	647
775	1645
776	321
776	903
776	1188
777	339
778	299
778	1120
779	695
780	478
780	827
780	1005
780	1973
781	84
782	733
782	1837
783	207
783	1615
784	135
784	789
784	888
785	439
785	1779
786	266
786	1529
786	1575
787	471
787	1263
787	1806
788	30
788	846
788	877
789	784
790	134
791	768
791	1539
792	773
793	729
794	149
794	1532
795	167
795	875
796	341
796	1414
796	1664
796	1985
797	571
797	1512
798	305
798	870
799	43
799	1756
800	533
800	1563
801	113
801	1071
802	148
803	430
803	902
804	624
804	1239
805	772
805	909
805	1316
806	635
807	84
808	373
808	1336
809	285
809	905
810	603
810	1210
810	1689
811	322
811	825
811	946
812	182
812	1797
813	562
813	1501
813	1509
814	225
815	698
815	1881
816	327
816	1154
816	1929
817	400
817	1950
818	217
818	1233
818	1283
819	156
819	971
820	141
821	415
821	999
821	1345
822	459
822	1272
822	1409
823	753
824	706
824	993
825	811
825	1558
826	127
826	1292
826	1500
826	1621
827	780
828	534
829	633
830	102
831	476
832	367
833	10
834	479
835	371
835	966
836	740
837	101
838	410
839	625
840	676
840	1892
841	105
842	397
842	1745
843	10
844	8
844	1067
844	1267
845	448
845	941
846	788
846	1082
846	1570
847	311
847	1653
848	538
848	1574
849	530
849	1461
850	405
850	1944
851	54
851	1372
851	1551
851	1884
852	226
853	255
854	90
854	1227
854	1798
855	101
855	967
855	1789
856	547
857	428
858	599
858	1012
858	1334
858	1446
858	1992
859	502
859	882
859	1054
860	738
861	248
861	1474
862	119
863	232
863	1400
864	570
865	619
866	716
867	113
868	92
869	21
869	983
869	1092
870	798
870	899
871	195
872	210
873	186
873	1250
873	1392
874	767
874	1100
874	1305
874	1595
874	1784
875	795
876	717
877	788
877	1024
877	1164
877	1167
877	1635
878	771
878	1274
879	629
880	236
881	46
882	859
882	1285
882	1851
883	21
884	588
885	306
885	1491
885	1499
886	232
886	1037
886	1523
887	114
888	784
888	1387
889	695
889	958
890	703
890	1525
891	532
891	901
891	1920
892	304
893	28
894	62
894	1757
895	410
896	637
896	1184
896	1230
897	174
897	989
898	631
899	870
899	1576
900	769
901	891
901	907
901	1619
902	803
902	1470
902	1636
903	776
903	998
903	1079
904	330
904	980
904	994
904	1225
904	1425
905	809
905	942
906	613
906	1162
907	901
908	274
908	1704
909	805
909	1232
909	1431
910	189
911	529
911	1142
912	194
913	14
913	1989
914	351
915	249
916	35
916	1118
917	63
918	511
919	265
920	178
920	1585
921	440
921	1605
922	486
923	452
924	506
925	617
926	249
927	497
927	961
928	52
928	1624
929	657
930	223
930	1700
931	490
932	723
932	1829
933	33
933	1291
934	717
934	1125
935	731
935	1426
936	643
936	986
936	1090
936	1810
937	695
937	1581
938	365
939	477
939	1720
940	621
940	1438
940	1612
940	1668
940	1832
941	845
942	905
942	1235
942	1520
943	93
943	1933
944	70
944	1703
945	302
945	1000
946	811
946	1101
947	486
948	610
949	229
949	1717
950	18
950	1069
951	586
952	590
952	1850
953	496
954	390
954	1044
954	1901
955	495
956	406
957	485
957	1483
957	1680
957	1970
958	889
958	1123
958	1493
959	282
959	1062
960	320
961	927
962	749
962	1073
962	1698
963	86
964	97
965	218
965	1399
966	835
966	1927
967	855
967	1018
967	1904
968	263
968	1246
968	1949
969	268
969	1809
970	247
971	819
972	34
973	55
974	228
975	170
975	1205
975	1534
976	426
976	1465
976	1533
977	646
977	1362
977	1447
978	391
979	45
979	1517
980	904
981	414
982	127
983	869
984	92
985	336
986	936
986	1356
986	1375
987	387
988	339
989	897
990	584
991	191
992	39
992	1218
993	824
994	904
994	995
994	1659
995	994
996	576
996	1504
997	42
998	903
998	1867
999	821
1000	945
1001	308
1002	560
1002	1367
1003	146
1003	1303
1004	551
1005	780
1006	581
1006	1578
1007	189
1008	489
1009	550
1009	1180
1010	580
1011	372
1011	1081
1012	858
1013	146
1014	522
1014	1666
1015	279
1016	705
1016	1191
1016	1206
1016	1347
1017	289
1017	1939
1018	967
1019	401
1020	89
1020	1468
1021	420
1022	507
1023	482
1023	1616
1023	1828
1024	877
1025	90
1025	1096
1025	1359
1026	664
1026	1522
1027	81
1027	1127
1027	1528
1028	721
1028	1836
1029	82
1029	1108
1030	313
1031	468
1032	720
1032	1190
1033	712
1034	298
1034	1405
1035	701
1036	81
1037	886
1037	1290
1038	697
1039	766
1040	398
1041	365
1042	743
1043	586
1043	1610
1044	954
1044	1160
1045	619
1045	1648
1046	514
1047	548
1048	0
1049	244
1049	1254
1050	143
1050	1478
1051	721
1052	669
1053	695
1054	859
1055	451
1055	1337
1056	708
1057	454
1058	246
1059	312
1059	1739
1060	515
1061	151
1062	959
1063	477
1063	1742
1064	151
1064	1159
1065	109
1066	733
1066	1450
1067	844
1068	35
1068	1646
1069	950
1070	252
1071	801
1072	207
1073	962
1074	135
1075	13
1075	1998
1076	170
1077	741
1078	187
1078	1919
1079	903
1080	731
1081	1011
1081	1428
1082	846
1083	569
1084	599
1084	1999
1085	768
1086	130
1087	340
1087	1587
1088	64
1089	716
1090	936
1090	1104
1090	1200
1091	617
1092	869
1093	471
1093	1511
1094	181
1095	761
1095	1196
1096	1025
1097	616
1098	263
1099	444
1099	1204
1099	1557
1100	874
1100	1713
1100	1749
1101	946
1101	1371
1101	1965
1102	3
1102	1421
1103	431
1103	1709
1104	1090
1104	1545
1105	300
1106	772
1107	609
1108	1029
1109	616
1109	1306
1109	1760
1110	576
1111	605
1112	28
1113	614
1113	1260
1114	34
1115	486
1115	1174
1115	1923
1116	570
1117	390
1117	1262
1118	916
1118	1647
1119	170
1120	778
1121	563
1121	1839
1122	380
1123	958
1123	1436
1124	393
1124	1638
1125	934
1125	1279
1126	689
1127	1027
1128	171
1128	1193
1129	162
1130	322
1130	1911
1131	43
1132	226
1133	584
1134	630
1135	353
1136	85
1137	109
1138	628
1139	283
1140	764
1141	488
1142	911
1142	1269
1143	223
1143	1986
1144	186
1144	1976
1145	331
1146	131
1147	773
1148	743
1149	411
1150	235
1150	1957
1151	706
1151	1996
1152	207
1153	364
1154	816
1155	132
1155	1222
1156	582
1157	229
1157	1353
1158	767
1158	1215
1159	1064
1160	1044
1161	440
1161	1413
1162	906
1162	1518
1163	489
1163	1714
1164	877
1165	732
1166	524
1166	1488
1167	877
1167	1214
1168	541
1169	40
1169	1383
1169	1397
1170	153
1170	1423
1171	727
1172	88
1172	1308
1172	1935
1173	348
1174	1115
1174	1890
1174	1995
1175	34
1175	1682
1176	765
1177	751
1177	1319
1178	345
1179	456
1179	1354
1180	1009
1180	1281
1181	521
1181	1324
1181	1363
1182	211
1182	1301
1183	750
1184	896
1184	1766
1185	333
1186	642
1187	35
1188	776
1188	1241
1188	1770
1189	256
1190	1032
1190	1543
1191	1016
1192	573
1192	1721
1192	1964
1193	1128
1194	670
1195	560
1196	1095
1196	1849
1197	766
1197	1304
1197	1792
1198	32
1198	1669
1199	189
1199	1489
1200	1090
1201	198
1202	491
1203	381
1203	1270
1203	1667
1204	1099
1205	975
1206	1016
1207	568
1208	162
1209	253
1209	1415
1210	810
1211	379
1211	1633
1212	703
1212	1294
1212	1435
1213	716
1213	1637
1214	1167
1215	1158
1216	250
1217	361
1218	992
1218	1364
1218	1459
1218	1673
1219	188
1219	1479
1220	691
1221	482
1221	1622
1222	1155
1223	102
1223	1542
1224	382
1225	904
1226	446
1227	854
1227	1562
1227	1727
1228	123
1229	734
1229	1412
1230	896
1230	1870
1231	645
1231	1348
1232	909
1232	1251
1233	818
1233	1433
1233	1448
1234	389
1234	1323
1234	1775
1235	942
1236	218
1237	3
1238	572
1239	804
1239	1286
1240	488
1241	1188
1241	1374
1242	350
1243	117
1244	737
1245	304
1246	968
1247	279
1248	599
1249	649
1250	873
1251	1232
1252	768
1253	707
1253	1687
1254	1049
1255	442
1256	372
1256	1812
1256	1826
1257	364
1258	245
1259	643
1260	1113
1261	656
1262	1117
1263	787
1264	765
1265	429
1265	1591
1266	18
1267	844
1267	1502
1268	421
1268	1782
1269	1142
1270	1203
1271	239
1272	822
1273	458
1274	878
1275	226
1276	463
1277	623
1277	1967
1278	558
1279	1125
1280	87
1281	1180
1281	1906
1282	487
1283	818
1284	336
1285	882
1285	1845
1286	1239
1286	1338
1287	574
1288	11
1289	495
1290	1037
1291	933
1291	1307
1292	826
1292	1395
1293	568
1293	1486
1294	1212
1294	1351
1295	693
1296	51
1297	240
1298	430
1299	284
1300	434
1301	1182
1302	125
1303	1003
1304	1197
1305	874
1306	1109
1307	1291
1307	1821
1308	1172
1309	548
1309	1982
1310	203
1311	41
1312	420
1313	334
1314	405
1315	288
1315	1847
1316	805
1316	1582
1317	530
1317	1430
1318	286
1318	1716
1318	1937
1319	1177
1320	653
1320	1462
1321	546
1322	80
1323	1234
1323	1537
1324	1181
1325	368
1326	211
1326	1843
1327	340
1327	1611
1328	298
1329	748
1329	1795
1330	595
1331	256
1332	456
1333	282
1334	858
1334	1531
1334	1893
1335	58
1336	808
1336	1661
1337	1055
1338	1286
1339	209
1340	624
1341	401
1342	466
1342	1725
1343	141
1344	133
1345	821
1345	1767
1346	404
1347	1016
1348	1231
1348	1968
1349	686
1349	1807
1350	117
1351	1294
1352	567
1352	1381
1352	1424
1352	1987
1353	1157
1354	1179
1355	484
1356	986
1356	1774
1357	6
1357	1420
1357	1974
1358	613
1359	1025
1360	674
1361	172
1362	977
1363	1181
1364	1218
1365	486
1365	1467
1365	1663
1366	294
1367	1002
1368	761
1369	298
1369	1758
1370	183
1371	1101
1371	1469
1372	851
1372	1834
1373	418
1374	1241
1374	1862
1375	986
1375	1404
1376	562
1376	1879
1377	414
1378	21
1378	1484
1378	1568
1379	680
1379	1427
1380	645
1381	1352
1382	130
1382	1497
1382	1571
1382	1776
1383	1169
1384	31
1385	673
1385	1603
1385	1813
1386	524
1386	1627
1387	888
1387	1754
1388	180
1389	186
1389	1869
1390	404
1390	1771
1391	761
1392	873
1393	146
1393	1817
1393	1947
1394	31
1395	1292
1396	254
1397	1169
1397	1402
1398	579
1399	965
1399	1579
1400	863
1400	1958
1401	762
1401	1508
1402	1397
1402	1606
1403	397
1404	1375
1405	1034
1405	1408
1405	1824
1406	322
1407	667
1408	1405
1409	822
1409	1510
1410	285
1411	289
1412	1229
1413	1161
1414	796
1415	1209
1415	1617
1416	589
1416	1607
1417	487
1417	1449
1417	1875
1418	395
1419	406
1420	1357
1421	1102
1421	1422
1422	1421
1423	1170
1423	1854
1424	1352
1425	904
1426	935
1427	1379
1428	1081
1428	1625
1428	1909
1429	713
1430	1317
1430	1718
1431	909
1432	131
1433	1233
1434	450
1435	1212
1436	1123
1437	263
1437	1801
1438	940
1439	523
1440	727
1441	188
1442	253
1442	1565
1442	1671
1443	121
1444	288
1445	625
1446	858
1447	977
1448	1233
1449	1417
1450	1066
1451	285
1452	257
1453	56
1454	342
1455	251
1456	614
1457	622
1457	1561
1458	679
1459	1218
1460	399
1460	1507
1461	849
1461	1750
1462	1320
1463	563
1464	728
1464	1628
1465	976
1465	1891
1466	239
1466	1882
1467	1365
1468	1020
1469	1371
1469	1697
1470	902
1471	444
1472	376
1473	80
1474	861
1474	1623
1474	1712
1475	38
1475	694
1476	538
1476	1618
1477	539
1478	1050
1478	1856
1479	1219
1480	644
1481	420
1482	123
1483	957
1483	1516
1484	1378
1485	7
1486	1293
1486	1536
1487	44
1487	1830
1488	1166
1489	1199
1490	361
1491	885
1492	688
1493	958
1494	84
1494	1791
1495	516
1495	1912
1496	760
1497	1382
1497	1641
1498	285
1499	885
1500	826
1501	813
1502	1267
1503	501
1504	996
1505	485
1506	640
1507	1460
1508	1401
1509	813
1509	1662
1510	1409
1511	1093
1512	797
1513	287
1514	292
1515	323
1516	1483
1516	1880
1517	979
1518	1162
1519	468
1519	1794
1520	942
1521	18
1522	1026
1523	886
1524	331
1525	890
1525	1601
1526	372
1527	134
1528	1027
1529	786
1530	682
1531	1334
1532	794
1533	976
1533	1966
1534	975
1535	34
1535	1598
1536	1486
1536	1573
1537	1323
1538	398
1538	1567
1539	791
1540	346
1541	681
1542	1223
1543	1190
1544	567
1544	1642
1545	1104
1546	145
1547	656
1548	177
1549	115
1549	1764
1549	1980
1550	603
1551	851
1551	1889
1552	161
1553	345
1554	80
1555	96
1555	1863
1556	408
1557	1099
1558	825
1559	537
1560	406
1561	1457
1562	1227
1562	1699
1563	800
1564	303
1565	1442
1565	1971
1566	190
1567	1538
1568	1378
1569	157
1570	846
1571	1382
1572	563
1572	1855
1573	1536
1574	848
1574	1652
1575	786
1575	1753
1575	1940
1576	899
1577	172
1578	1006
1579	1399
1579	1672
1580	339
1581	937
1581	1599
1581	1762
1582	1316
1583	395
1584	601
1585	920
1586	340
1587	1087
1588	682
1589	353
1589	1780
1590	688
1590	1934
1591	1265
1592	643
1593	676
1594	693
1594	1874
1595	874
1595	1736
1596	550
1597	766
1598	1535
1599	1581
1600	486
1601	1525
1602	763
1602	1977
1603	1385
1604	45
1605	921
1606	1402
1607	1416
1608	133
1609	755
1610	1043
1610	1953
1611	1327
1612	940
1613	512
1614	22
1615	783
1616	1023
1617	1415
1618	1476
1619	901
1620	120
1621	826
1622	1221
1623	1474
1623	1744
1624	928
1624	1831
1625	1428
1626	339
1627	1386
1628	1464
1629	25
1630	41
1631	469
1632	111
1633	1211
1633	1670
1634	715
1635	877
1636	902
1637	1213
1638	1124
1639	213
1639	1741
1640	174
1641	1497
1642	1544
1643	699
1643	1679
1644	433
1645	775
1645	1864
1646	1068
1647	1118
1648	1045
1649	435
1650	670
1651	356
1651	1873
1652	1574
1653	847
1654	122
1655	414
1656	686
1657	646
1657	1722
1657	1913
1658	417
1659	994
1660	433
1660	1706
1661	1336
1662	1509
1663	1365
1664	796
1665	1
1665	1997
1666	1014
1667	1203
1668	940
1669	1198
1670	1633
1671	1442
1672	1579
1673	1218
1673	1751
1674	433
1675	601
1675	1991
1676	72
1677	642
1678	421
1678	1802
1679	1643
1680	957
1680	1729
1681	354
1682	1175
1683	31
1684	549
1685	146
1686	735
1687	1253
1688	517
1689	810
1690	7
1691	698
1691	1823
1692	110
1693	531
1694	532
1695	86
1696	233
1697	1469
1698	962
1699	1562
1700	930
1700	1922
1701	381
1702	466
1702	1899
1703	944
1704	908
1705	64
1706	1660
1707	499
1708	471
1709	1103
1710	529
1711	695
1712	1474
1712	1747
1713	1100
1714	1163
1715	8
1715	1724
1716	1318
1717	949
1718	1430
1719	136
1720	939
1720	1931
1721	1192
1722	1657
1723	550
1724	1715
1725	1342
1725	1984
1726	95
1727	1227
1727	1943
1728	597
1729	1680
1730	46
1730	1785
1731	96
1732	316
1733	615
1734	450
1735	508
1736	1595
1736	1857
1736	1932
1737	449
1738	349
1739	1059
1740	285
1741	1639
1742	1063
1743	624
1743	1946
1744	1623
1745	842
1746	693
1746	1900
1747	1712
1747	1820
1748	60
1749	1100
1750	1461
1751	1673
1752	130
1753	1575
1754	1387
1755	171
1756	799
1757	894
1758	1369
1759	441
1760	1109
1761	735
1762	1581
1762	1790
1763	112
1763	1963
1764	1549
1765	612
1766	1184
1766	1961
1767	1345
1768	314
1769	425
1770	1188
1771	1390
1772	300
1773	427
1774	1356
1775	1234
1776	1382
1777	503
1778	170
1778	1866
1779	785
1780	1589
1780	1903
1781	618
1782	1268
1783	535
1784	874
1785	1730
1786	42
1787	501
1788	222
1789	855
1790	1762
1791	1494
1792	1197
1792	1993
1793	419
1794	1519
1795	1329
1796	46
1797	812
1798	854
1799	335
1799	1990
1800	590
1801	1437
1802	1678
1803	371
1804	555
1805	183
1806	787
1807	1349
1808	740
1809	969
1810	936
1811	107
1812	1256
1813	1385
1814	691
1815	279
1816	438
1817	1393
1818	228
1819	35
1820	1747
1821	1307
1821	1924
1822	575
1823	1691
1823	1865
1824	1405
1825	277
1826	1256
1827	765
1828	1023
1829	932
1830	1487
1831	1624
1832	940
1833	275
1834	1372
1835	689
1836	1028
1837	782
1838	203
1839	1121
1840	484
1841	155
1842	354
1843	1326
1844	712
1845	1285
1846	420
1847	1315
1848	632
1849	1196
1850	952
1851	882
1852	142
1853	583
1854	1423
1855	1572
1856	1478
1857	1736
1858	720
1859	598
1860	385
1861	673
1862	1374
1863	1555
1864	1645
1865	1823
1866	1778
1867	998
1868	90
1869	1389
1870	1230
1871	348
1872	232
1873	1651
1873	1962
1874	1594
1875	1417
1875	1876
1876	1875
1877	535
1878	305
1879	1376
1880	1516
1881	815
1882	1466
1883	98
1884	851
1885	217
1886	419
1887	57
1888	314
1889	1551
1890	1174
1891	1465
1892	840
1892	1960
1893	1334
1894	88
1895	70
1896	484
1897	260
1898	736
1899	1702
1900	1746
1901	954
1902	539
1903	1780
1904	967
1905	4
1906	1281
1907	285
1908	77
1909	1428
1910	616
1911	1130
1912	1495
1913	1657
1914	393
1915	53
1916	303
1917	229
1918	527
1919	1078
1920	891
1921	73
1922	1700
1923	1115
1924	1821
1925	550
1926	593
1927	966
1928	213
1929	816
1930	176
1931	1720
1932	1736
1933	943
1934	1590
1935	1172
1936	618
1937	1318
1938	103
1939	1017
1940	1575
1941	515
1942	326
1943	1727
1944	850
1945	738
1946	1743
1947	1393
1948	15
1949	968
1950	817
1951	756
1952	607
1953	1610
1954	405
1955	193
1956	568
1957	1150
1958	1400
1959	255
1960	1892
1961	1766
1962	1873
1963	1763
1964	1192
1965	1101
1966	1533
1967	1277
1968	1348
1969	547
1970	957
1971	1565
1971	1978
1972	741
1973	780
1974	1357
1975	145
1976	1144
1977	1602
1978	1971
1979	678
1980	1549
1981	474
1982	1309
1983	515
1984	1725
1985	796
1986	1143
1987	1352
1988	342
1989	913
1990	1799
1991	1675
1992	858
1993	1792
1994	133
1995	1174
1996	1151
1997	1665
1998	1075
1999	1084
