Allocated 480 DPU(s)
nr_elements	251658240	NR_TASKLETS	16	BL	10
Load input data
Run program on DPU(s) 
Retrieve results
2097152
2097152
2097152
2097152
2097152
2097152
2097152
2097152
2097152
2097152
2097152
2097152
2097152
2097152
2097152
2097152
2097152
2097152
2097152
2097152
2097152
2097152
2097152
2097152
2097152
2097152
2097152
2097152
2097152
2097152
2097152
2097152
2097152
2097152
2097152
2097152
2097152
2097152
2097152
2097152
2097152
2097152
2097152
2097152
2097152
2097152
2097152
2097152
2097152
2097152
2097152
2097152
2097152
2097152
2097152
2097152
2097152
2097152
2097152
2097152
2097152
2097152
2097152
2097152
2097152
2097152
2097152
2097152
2097152
2097152
2097152
2097152
2097152
2097152
2097152
2097152
2097152
2097152
2097152
2097152
2097152
2097152
2097152
2097152
2097152
2097152
2097152
2097152
2097152
2097152
2097152
2097152
2097152
2097152
2097152
2097152
2097152
2097152
2097152
2097152
2097152
2097152
2097152
2097152
2097152
2097152
2097152
2097152
2097152
2097152
2097152
2097152
2097152
2097152
2097152
2097152
2097152
2097152
2097152
2097152
2097152
2097152
2097152
2097152
2097152
2097152
2097152
2097152
2097152
2097152
2097152
2097152
2097152
2097152
2097152
2097152
2097152
2097152
2097152
2097152
2097152
2097152
2097152
2097152
2097152
2097152
2097152
2097152
2097152
2097152
2097152
2097152
2097152
2097152
2097152
2097152
2097152
2097152
2097152
2097152
2097152
2097152
2097152
2097152
2097152
2097152
2097152
2097152
2097152
2097152
2097152
2097152
2097152
2097152
2097152
2097152
2097152
2097152
2097152
2097152
2097152
2097152
2097152
2097152
2097152
2097152
2097152
2097152
2097152
2097152
2097152
2097152
2097152
2097152
2097152
2097152
2097152
2097152
2097152
2097152
2097152
2097152
2097152
2097152
2097152
2097152
2097152
2097152
2097152
2097152
2097152
2097152
2097152
2097152
2097152
2097152
2097152
2097152
2097152
2097152
2097152
2097152
2097152
2097152
2097152
2097152
2097152
2097152
2097152
2097152
2097152
2097152
2097152
2097152
2097152
2097152
2097152
2097152
2097152
2097152
2097152
2097152
2097152
2097152
2097152
2097152
2097152
2097152
2097152
2097152
2097152
2097152
2097152
2097152
2097152
2097152
2097152
2097152
2097152
2097152
2097152
2097152
2097152
2097152
2097152
2097152
2097152
2097152
2097152
2097152
2097152
2097152
2097152
2097152
2097152
2097152
2097152
2097152
2097152
2097152
2097152
2097152
2097152
2097152
2097152
2097152
2097152
2097152
2097152
2097152
2097152
2097152
2097152
2097152
2097152
2097152
2097152
2097152
2097152
2097152
2097152
2097152
2097152
2097152
2097152
2097152
2097152
2097152
2097152
2097152
2097152
2097152
2097152
2097152
2097152
2097152
2097152
2097152
2097152
2097152
2097152
2097152
2097152
2097152
2097152
2097152
2097152
2097152
2097152
2097152
2097152
2097152
2097152
2097152
2097152
2097152
2097152
2097152
2097152
2097152
2097152
2097152
2097152
2097152
2097152
2097152
2097152
2097152
2097152
2097152
2097152
2097152
2097152
2097152
2097152
2097152
2097152
2097152
2097152
2097152
2097152
2097152
2097152
2097152
2097152
2097152
2097152
2097152
2097152
2097152
2097152
2097152
2097152
2097152
2097152
2097152
2097152
2097152
2097152
2097152
2097152
2097152
2097152
2097152
2097152
2097152
2097152
2097152
2097152
2097152
2097152
2097152
2097152
2097152
2097152
2097152
2097152
2097152
2097152
2097152
2097152
2097152
2097152
2097152
2097152
2097152
2097152
2097152
2097152
2097152
2097152
2097152
2097152
2097152
2097152
2097152
2097152
2097152
2097152
2097152
2097152
2097152
2097152
2097152
2097152
2097152
2097152
2097152
2097152
2097152
2097152
2097152
2097152
2097152
2097152
2097152
2097152
2097152
2097152
2097152
2097152
2097152
2097152
2097152
2097152
2097152
2097152
2097152
2097152
2097152
2097152
2097152
2097152
2097152
2097152
2097152
2097152
2097152
2097152
2097152
2097152
2097152
2097152
2097152
2097152
2097152
2097152
2097152
2097152
2097152
2097152
2097152
2097152
2097152
2097152
2097152
2097152
2097152
2097152
2097152
Results: 
	CPU-DPU: 430.629000	
	DPU: 49.571000	
	Inter-DPU: 77.982000	
	DPU-CPU: 14726.147000	
[[32mOK[0m] Outputs are equal
