Allocated 60 DPU(s)
nr_elements	251658240	NR_TASKLETS	16	BL	10
Load input data
Run program on DPU(s) 
Retrieve results
16777216
16777216
16777216
16777216
16777216
16777216
16777216
16777216
16777216
16777216
16777216
16777216
16777216
16777216
16777216
16777216
16777216
16777216
16777216
16777216
16777216
16777216
16777216
16777216
16777216
16777216
16777216
16777216
16777216
16777216
16777216
16777216
16777216
16777216
16777216
16777216
16777216
16777216
16777216
16777216
16777216
16777216
16777216
16777216
16777216
16777216
16777216
16777216
16777216
16777216
16777216
16777216
16777216
16777216
16777216
16777216
16777216
16777216
16777216
16777216
Results: 
	CPU-DPU: 706.109000	
	DPU: 160.082000	
	Inter-DPU: 20.539000	
	DPU-CPU: 9152.752000	
[[32mOK[0m] Outputs are equal
