Allocated 64 DPU(s)
nr_elements	251658240	NR_TASKLETS	16	BL	10
Load input data
Run program on DPU(s) 
Retrieve results
15728640
15728640
15728640
15728640
15728640
15728640
15728640
15728640
15728640
15728640
15728640
15728640
15728640
15728640
15728640
15728640
15728640
15728640
15728640
15728640
15728640
15728640
15728640
15728640
15728640
15728640
15728640
15728640
15728640
15728640
15728640
15728640
15728640
15728640
15728640
15728640
15728640
15728640
15728640
15728640
15728640
15728640
15728640
15728640
15728640
15728640
15728640
15728640
15728640
15728640
15728640
15728640
15728640
15728640
15728640
15728640
15728640
15728640
15728640
15728640
15728640
15728640
15728640
15728640
Results: 
	CPU-DPU: 604.908000	
	DPU: 152.312000	
	Inter-DPU: 21.061000	
	DPU-CPU: 9388.117000	
[[32mOK[0m] Outputs are equal
