Allocated 60 DPU(s)
nr_elements	125829120	NR_TASKLETS	16	BL	10
Load input data
Run program on DPU(s) 
Retrieve results
8388608
8388608
8388608
8388608
8388608
8388608
8388608
8388608
8388608
8388608
8388608
8388608
8388608
8388608
8388608
8388608
8388608
8388608
8388608
8388608
8388608
8388608
8388608
8388608
8388608
8388608
8388608
8388608
8388608
8388608
8388608
8388608
8388608
8388608
8388608
8388608
8388608
8388608
8388608
8388608
8388608
8388608
8388608
8388608
8388608
8388608
8388608
8388608
8388608
8388608
8388608
8388608
8388608
8388608
8388608
8388608
8388608
8388608
8388608
8388608
Results: 
	CPU-DPU: 426.451000	
	DPU: 73.775000	
	Inter-DPU: 0.367000	
	DPU-CPU: 3670.181000	
[[32mOK[0m] Outputs are equal
